8089839850147455631596953544598773762509658395328267760136964244204550427056970588673403600378768235955748111499365809491629844945219000598300907593278873306206883767826093116930878118420258095249896898121073680193597246864173870720077045550469622783871112640277290926642464464797186461080261402155108957073
6910838659807108146826712088030392309894134632958300145706546528386859982500914032864525549501825851128194792937181815641416871418322565066700026971914621
7648826230208240301613383647795667306646831981394722391564782874763309575286860392717201612893996208285326736276098339760376954136502891642873504920318563
51831398088937670458058903852724272240230600999116792297745521841873302405890112750385731409178844129184899865990925124316557976458477759002846435322623249109737174692264916843103393843724790914657277013116288636655148609538468063357263240274653258088652062413640224104039748934965830799310037044343462554513
6910838659807108146826712088030392309894134632958300145706546528386859982500914032864525549501825851128194792937181815641416871418322565066700026971914621
10985841614568026294110252421401097769263540724731104700304118989140368660964339512321999123365398893006978914964363757600573601056330499779561870810889563
35464392197979124633418659076037542323054978345878429315877185657420194847906011913293005250523131568071918675596729235957488479021640192316231090519830674497183398437693592305156379305481272615415793826296750314484684504412327029104626160078505067842474028421530180215534416480843886423224202510085764881953
7124645616476518548536597899809745692747307331954082849510809641524793956704032080242716073522723954483564801620550149268128633779067514210645589769529843
7727128878639614241064193267066157355222722867073426897036668385310133046406128195057981948475347423809319802010104615379074723043716142978522310893505961
69674997918107191881987210639250947409032667013492257109429849553240535801508075087789642458102697685185818408536151072924906352508330169151026540129131002389074109293196314163351816059100832923203862363226203967535639049572455001533652877403277333904849110772222049666584034139410103224515589713270413201017
7124645616476518548536597899809745692747307331954082849510809641524793956704032080242716073522723954483564801620550149268128633779067514210645589769529843
13297813813643061186500418149194626856582751012538887670598971428886093499990563399504287043995282083866694649928155640997823619817914103002683872860267373
30212474663574840063810287544373376226088020325365843111869089751926696188822078389628415627669291073500747242017678471040694501491793247067943820798163458114519972614310536840325565503811079263493815437309279724352382115980564053224588528590662235551518754001976165825443154744409275724632044543234879458817
8051599621583102520745957103232562356642577781580055480648086065453336034700426734569701348996816282900430166473301361494388776584536980414113235346433629
7057894216713377685647712769111917579550866943417337539460705492665459418041255662214185774570016475609675199836257819232432824923248330278135869057999233
45048504281898407719431686460602644787172854533759882511710603417192134764300713274779763443866280486323442015556724547523603418145067679183729497408340952230000310180260580780506583876147074994922083677150836813066580703289223581430935440318428618078990847369256060130129043770801823814198469410915600057873
8051599621583102520745957103232562356642577781580055480648086065453336034700426734569701348996816282900430166473301361494388776584536980414113235346433629
12086423722143707048605075006301244154375892733941596291819691515153739467352015557425275886512300570419007701098935617757790330468935225006505981565223951
41342994535296965678539750926640723923376680117931939956327738455590325823932810144376819267473937118372470310929830369752783445389240626417760981529971238004524505316456996849679074814814262229136878419390732704888500023167729026073025469074158355580484981887880024595632337078102329910216691686071979606793
7609670945140864519862465310905732797742789742780579759747662296949852969902292933145460294510393212177286612649457293131694170828955787462138066988718941
7709085379210622567708432451623578490575038660109180007775698181865009760530766270941854419926418830464062741324307988965936318274323760375165543507806379
21561277349159118983390543694404747064761381548416806503563994543050680028365628664208129775069272952779140894107758240690070504290969599005142726917082347698241101089835164287838822595613039148591016636988796428312854004113609319998207542025340692265412480551456235486190545408463286173812719140861611088513
7609670945140864519862465310905732797742789742780579759747662296949852969902292933145460294510393212177286612649457293131694170828955787462138066988718941
9203650039730550858656963760753026178550745493892689476961116340830683122660407919674850650399638560031153381552703400248834021221566216682216122406761343
57732764857393018234550279333117212743123670887845310004410506369161653303486278092033361663551771843857550990335349631951515011632735574468836607779148500488576395102191111742484995846444044152005006808768183693457445327788284629178613262255339519102459872018329713578038891525349874998018574807360146891009
7401459347729164420978631051649230600079777748165581991351410551854283889886969900558415803066989901505943930717229116563821254289485904753258791061091209
8194422232916095153917334542480392428225079711404231077792826857825950947202411591352402824541345599202790498301232979499520203606169218172469830198620807
72626273025172057208417430053329943697654950645908827748385690497919738046101383414517948805599592850431609350381746924949640237274914875484315803658906633544273875220603592740752568893848729465997440405257160822003694667633883105950623949190148728869009349577401315373558206172439717712850256876201366550993
7401459347729164420978631051649230600079777748165581991351410551854283889886969900558415803066989901505943930717229116563821254289485904753258791061091209
12435018284553331467237570907725963714351103270160383425095754986993525572308208284125838415288752977621898796167813799384526797430874370863216985903645343
54569224601632746089172793975081068085881646979633439256964819224620793373940835753099733340110817434701600598120778815500031310219895685315344255435837627166746321314326923874671323249020283042580083440687625844266189363181716733940736915469420173420154856277380799251800092065528845052013785590217760106945
8594887127767384356953278919503874635516275328285658196359441962971679328279975140779616538015066482691251626142497418429669413422767091601870939039985487
7076713417412770401239472121954704153643465627606052872258806313954501007383530085847066003788865607485320798270591031172504935028202313450636963312242289
53836265918425624130769322023519555230211631588000936917992339000801625864385039788564733370990365583742821432962888836270565275435566412114955775720858968648818368974660713450561015087558078685759300833507789422154222477303258483917603731735614767860456784612138865514054000112959591404716403374979164244233
8594887127767384356953278919503874635516275328285658196359441962971679328279975140779616538015066482691251626142497418429669413422767091601870939039985487
8240644414389400564665843298396982388986256898507431302957263469063317198074890744642173934027870185333885968651306537417054642345399358319716206493236869
52299955704591334186604362806551200060774290675918410599496199028967448380865241124765719272792476046633970608391039926665776592056256547869024198575635610784106990407861860049898118098143060017878247868833580108948263352809599965413143503112188352552211166369412199125998321377456591158683458268524895528273
7178418105958309451660999560784717350881104072012142062105803968312925145535397910530055442826424189370716657582797898248996863752796400695350396075356277
8755557626958113145603704150889067844327377419619614904190886908971641862935113006246443816783018027068593039768937513504235589820140686424852360491540861
59555311581849247981420364581201328854145576810012254092932125194130938691650138513421010778402419626329182829577527833541619074869212378804934558649503317448032696264852009928394864163227295526681140678774179962013976110700230478188490298247724114532222280564475878722919497472822312431649806816724732664833
7178418105958309451660999560784717350881104072012142062105803968312925145535397910530055442826424189370716657582797898248996863752796400695350396075356277
11627967409320905065407769391082794511396294605935002314949112240654047783567777309761581600987842097140021735533241245584219514395556168117061010461905633
56085819697808642589943029270334350612973540154119079174504094378498188699507278947152806759796611750150990269213582413458456987917025339925743431840005992156300424341014877970690422860633948394283141004956817356165695130826144903121639627782443905429465091242832955286728164186618968373687626360040535877481
7659887428373620319185946728591278196510514963687567939206656816980598036763074706776888402303001576887059343797535348260858962793737369094259313443335683
8411860156305449689357274849708839445894415275975315246615157074897048545652658250923110926538772619531841707389587297630226788440523699213676030711522319
18756718233364671040649315255622907793857265885692239742448203146177567452677689153533543119798708223004663268791018826034836628309284974508754054624785171635793808544314987324048722680647578405805696597091778842496596115165492829383758006831232767192623834025325702066955109375205932629566185264037134852725
7659887428373620319185946728591278196510514963687567939206656816980598036763074706776888402303001576887059343797535348260858962793737369094259313443335683
9829119878469049201937307105806485479454897214241663165838796322563036049061393673172414509181127760614466543806893153153102709088993158836155501243154167
44177717240667193029998602209595662377134966670268996831876155607674786141754341132851394100545669784770120753836432616367874752613109410313217907020811147904110218418010412752157601184935371397448017502470803538928167103139678143189163911774362529697160761467260890823600511347886713264620778762429881723485
8567058951810416755662073245117575774847126067579218447035152862049484602742487629469093709190898116094063867553933252046901888565248370232377088622086219
7837350134151438464178231995847166199590926572413718874878908621948581073140764967407811458868079029973172500289556734503649830571702207642927136654241399
85821779718955582541189004606816761245324910713516450237498076906564576607417692995634903388658016215862993367043374555767119097559426238816485621075809860195791382957431635695871928677187604453060119718953744422731326483224228303450128150692504718759678436281974616126067297296343891359969880369589057128033
8567058951810416755662073245117575774847126067579218447035152862049484602742487629469093709190898116094063867553933252046901888565248370232377088622086219
13242830953916031192147240387922257294088062501825673395089361028268798956733189573702467303681795230188678026685981305144660351842600379406127501690860791
24778962619580838107393284117322213878211652415258387365767646412222076003050537996983582773433111008114076699821073144546369810765694080549802238259003670895798904357669275384358912903691754083919411884816134482855879230868452329528113815094041618543576464134696631478181524019362932948296245160445883877057
7253502310115033570670795022549331158039069532710729569259622950124825111486011435229232072309930062728988661817804250247098460324401041114059685799205409
9567258481721042283133312527165616200561400129199042502274530649173781372243344496814129516312157617405022533596396899901226389991086713419169119373457127
38574858274517826674816729764316442809193603355336538694149306430353716101361299622454657553223540724426821142891177314736739326139249222646104241162689615818200274701079811698789322024691316706120845009099169988439360950442646711683304241900471826016796675391989413104470875959709607548818434459338929250881
7253502310115033570670795022549331158039069532710729569259622950124825111486011435229232072309930062728988661817804250247098460324401041114059685799205409
10810893288281769373067049182247224504869048733459947277816917214817625139099924965231120129017599456105150545938848151881117106153353780696065932850243759
49905268560361503003698527578273044878201006391946614417005055553634383022293692806688462193532400637161355622006161482306175259290047436183156904897023710792539330992460750820387070059319096984930922292286216219760623043161771400829400106972689871472857860066298732017042142102858790072609413585393549557773
10171177992401183957091920439692978451740377489231608925845867954294723464604589544929431651531742094816823477502931913228928852770168989114811355749712091
6848837364394144530879876900734916883342382860952917735598845548690064019508411287927568123324708631859365400739552566667953690617157737785562934198165491
37973935735500470463697570440335018598736768768490997337492872638768063110249478109748889613366346457937582991280447764208006519341349445747229360287176826602059111664740313874718840306950189188034772263220555394467809496872652737922710354200411500958887859616949851986236302903109450687605035487132904246433
10171177992401183957091920439692978451740377489231608925845867954294723464604589544929431651531742094816823477502931913228928852770168989114811355749712091
7184677471173929218083774386138756525565263404355323884897107371010397899176784597930474828126198894234646919818178139970006656851064611766788369437044339
69456007796283149835476148230456353513569906118090798647537813349889805593877397205630747961595953210646445517263363364343709095556803241584152395579451452632028277934297370631321307647249989051446074617785917426801138524119281218239890448845731462782533181927376739238832489898091878211679180047331609758425
9115544021753564999199424097617709193053168416060521409814789568383501464240252194384887062916597768077799137516387330405859253749851423815084909963289853
7692047553588867500277515914284154050575887118341057358052492425229308986382159191021641206711847561283530189474087418487022716323622806785075834523091399
4413901717632919474145243551399498349225726105018497827985702609744318170067777735206813832679065308863066628426010402170241210148942766392398714453201005649838176343834891247876938332881559938695655252165783162225795820337260232973391074979166532527890037240273408621308191503491478203863362296155648351905
9115544021753564999199424097617709193053168416060521409814789568383501464240252194384887062916597768077799137516387330405859253749851423815084909963289853
7939487605566824602233895700870704331595150541553657444879871004309934116806891283492063009415648344486192699519256511871583739487207741532771735858068537
1143013848998721158743383322025166040074222082652042884631505256315550247169575671139445027341097687456191384614346052747768474575851529775459747724426498849864750572141505035118633269293813506877260571824279448869141252864987581149227294288272044627518936334218593711124784494047423911545304705881624908769
8166866662872801303759309018648352594183485042846341801101848866622090867451837818262510986367196104034141231210806337160069960543517010358592461773351683
8802679013473492800316637724859391448704033119598974895482565082850428091503217714391437668292519380362165529812544737362329898641082019725548061062801209
19722591663607303926052188085222298874371880501887759483311070020749522820329045842371148355371062541153590167761108834461007013277883211468366930102466762313323879871083225244902249065526985596393616149470416957596140087127130563958041389592996029576217340588615755208886279451452435991124229819887799416165
8166866662872801303759309018648352594183485042846341801101848866622090867451837818262510986367196104034141231210806337160069960543517010358592461773351683
12167964534468963536791199026332708166874905406035155402981751851285902372945032885429840990194381162267811920502411457010607266018676815881399210802672047
18707513703397194275488478477317938706722370962691379290756801256179130606291801292341959007257964974455366428473477364373554543824410612420552290271242295410202635820364058057379765912239845178700626668713421297244514370225788563947844944308477775589044738980248686048172805287306904767917626012637027496513
7943533630425453343711611533159318784852082925998674472282046584302662417599473257241389610066699172466814494910864750436759041802534694401625463167337367
9264327383389483621245483927194458091398582869199672010652535600200663377810481798219123917879741000605091684871781858975063594713618352393803999141897209
29625543963225317269352046248272640208107408046378075464231133173567132890668812393400448721309522620665425341322254976739355659406455815638337778415847805228483913960875180410989066742066653025821438745357506065341327419861805483277067896762879148469707390603870950567350453319159887334722057379820915267649
7943533630425453343711611533159318784852082925998674472282046584302662417599473257241389610066699172466814494910864750436759041802534694401625463167337367
10177014518010763897586057564152912035941894711876818559161253505453874200912763807625579952588600820283763593616269069776928587807423322655822477947097697
32875618545145056060817829464053748281114408087544257201850833247331521882538324861189326488517905624811305622888885404512043658163972361713514677854604863806945462996740832223958990533712937288151502326820134029478936474612315358963966752127225664874195244126430053768054060455832603493945129304077400268801
9651993594681050247973409907535478866971097808351864364325409837575226869044757491175938054732611361300615006507042251682447791512700391618886148060710177
7725128930376849592280121921367482435888067688883960385278051502021466321924654142564109451224617003476734225697491595645198668808299193816335859446755017
89509932739522438777885223104949311561905321717236086954612248635895213534387893104346571460437309857543322536635429156130589617390665407846057915875375012986551160071687407647005128487577126474319800572425263806928851471529634468837221329075320638383572124725498223910199410033045594322833584922837494577793
9651993594681050247973409907535478866971097808351864364325409837575226869044757491175938054732611361300615006507042251682447791512700391618886148060710177
9276272603936013035346192458785216902246536290131657131575211966555100176111625843871105387954227314470477227435428177288580637410263553435857851468606861
38706654284662571623052903774684288344518316437018852899481937316163913825788120428358126714236263453813918444647162706640839137317585470412190218303373040513815766137977883975252372146014886940622037737161651186590716548753483197157816902833993325296082640913207623886333206542610903865708243115623158102737
10723149002329285692189531216399644067302244239070526925428661002486725364172050581445303195425826208302217706264753839958016896409807383682046365782907259
6993574500276104004915032462850812899179168989247937893475527299865703126299046571340205302417393378248944567471871075429892822030892961253880762615371397
90132759765998571718570036740285756089418812222318301437503534614416379172689119433583845812448747762811310823385324113108738449442464895846502241698709345558648951000845240066275745267500601212823645659220012466354734401556272838729863511156280959061779203555633139392087626842895380088656306587640805947937
10723149002329285692189531216399644067302244239070526925428661002486725364172050581445303195425826208302217706264753839958016896409807383682046365782907259
11516707720653053945467809816239986788066521068874443217830388035756487739711767048153558426012209097993155107828813947730304868683743794092741077669934079
56854080652541056254966355623535993804112062946179084411165456330065028021931617842539135584550953812499360036339175132254984588694710311991694821627741156941460861897481019218275236138101623037659010876885276530108727916546419126868578436858317847984171398075348492010140447689369875758721815130087809958289
10503685525228264667333440680704773607830873083910992791141203017617319534520688358272231420271632874067049074930266482771146209552360600997712438457855347
7176697873651663443073153491487872280567241980461378861551710391570553994097432334954311925321263716282024698783346996011702933963986833453830428903418089
130867892693524535624943104764273664656449925015012756097575301884544509676451335815897664325605379203851056367753241049536996006174401148782707843312006128785994561134150626117536617309431032338459030243999289668151235743345369931703661014414060095022808034958946862565852532626044561130516854671203380615537
10503685525228264667333440680704773607830873083910992791141203017617319534520688358272231420271632874067049074930266482771146209552360600997712438457855347
12541330158067705102457923486393248871529028835186413352827613222378336077920545266475804682679969706467884694807825917891444335150686892666377830724745127
8704553316120097370072097684554572579224890083677420278113315561075053211152265263951908799324448758539458114757378521159196281760814899982481959026831269719795675749230036420048001705923500285375076628379676836642048524615746960721063389247642048614181933366487587460980182618563640481941776138658636412993
7266850028428370973195937409703837940230436514897612191019775817567587355810606600334954648145977358589883550513710246336249453081429964249364333339570063
10384008959706371032874773516176093537074998815955517662672740449858069430972087725950286052375902826732258297592239642474355447171447057869972466914040093
53850051698090279953292139199708127540951854234589535088153195629183272807617247611865751063306991791243061051754570657336551965129294567188837998697282390903810389260040187247868558171222755999595941399911115519259561885171796309188105873223429052889536329414506137270607989128729458454887643133175843746893
7266850028428370973195937409703837940230436514897612191019775817567587355810606600334954648145977358589883550513710246336249453081429964249364333339570063
13382938550126574432905714187922145065076902853926071598684799714615285552653274826129787756372323590629695848499719358843362891349026054857477287034015531
23384674716688155783139599136444935202184356010093432827900397044107667338053510598498218331824180325596185206196259598670677031574601351506292696030315873959648093147205461433939591531873524654663109269591634534348862279433861839779753680202272450368829393912018435047767160674942384867448033390359028482473
9657983607589739920764166474121026475462014416499270879398202859351101623629733461357430689676004043544747582662624683011776860429321745676420076227023231
7846678247985178314361971967082488066484314101144362943417600167645521244145596198328785732377447041419382815325104303862663410859805828614795008508447701
50337834672349466052164090228913555249816897953794554289800102999372997619154446335279410336983994863301610179944172675931924432922830354498381082643675818404016956645022875070143947130356360480356624584958820868230152636088346042857431289080227885208131052554860922371684915763941326393276893103537294041313
9657983607589739920764166474121026475462014416499270879398202859351101623629733461357430689676004043544747582662624683011776860429321745676420076227023231
11694800120394859565937097920483585506611365358941734033765103024131384940302085751906690888196993956523960341245487833075084057372776056332120445743927463
10290154296325417848410308061864637952402004682055704639824609505821885856631042181829305440376930516463529403750742003461857207442105126826280491634875988039718480732909666440210391481272189710032306475630731575751142366855081384150222088803127370319448773479221344199533668781202386961332565713739623625633
10183750492223536066891773074943317177697987302455387821811014690764193338432556315061627093342097160005807753428806057524515791554476327436466087267213961
7490301570228011725309243911253777430860027153573977731836587886394806606435039290719271198068500878703609287231774493309761922169944247741142907046317973
78278212427084266196171283368378782240015065066077436107447214715316365295887974994769004237534247152793906737252511293177140921831353923406597755828205826153951704550765882990714617937280162893907188059983390247711787898231609271495794231941200178738371508284991071615846722492711143992513016430282844434113
10183750492223536066891773074943317177697987302455387821811014690764193338432556315061627093342097160005807753428806057524515791554476327436466087267213961
8955173780661405181007639027144280162066455051923793028534901374190786302094991443857955675700088330655041081200478323832849565922803196034106079252583737
3790937448866114529312523812395626003382195362761248807976980053163997285332462980791285213812314407570740396775268024844115168939520599280078447743430655354934347106038696143863330076858981402753161007700846886530001960573647020372415751658937512905879565755385188335333357287634031499640200740488899677693
11334673759510772904182396137722926752521391272576127884767782686727139742747221931773236108528361110757083392417548995915354323491686225479132019083032159
6817782999376329377730163571730396644939564543192491226707246202326584820851188778613352539105253725437994505195214002520903872992245910523683319736929663
47683220758647630908772171728656525243389788141051175629097439362651459205232244363101598497714932526742719592237546538235007110109790783550001797043773813907304748416518801574304564749265907016123679264156934838683670862526074919245854719551561900611469226625438303825236315984612806661909061017064158825449
11334673759510772904182396137722926752521391272576127884767782686727139742747221931773236108528361110757083392417548995915354323491686225479132019083032159
8606606430924234005223216672973068788082442587868904677812191891831207690354109806992730639852340680508634062600593406665138683425760314088994284832015047
35748472219428445325269547643224652358596544495984460192673632156527682359685246476292229927297098001290126366104786243427865235048144626075203263669272394806452909463728548822367727816086319624559152778201550958276127590060649839602737159071515133842465168169227972926103828104801409111328651817928061480329
8303132265261555950445719947086808952985536023224626671584503188439654645641119003815442579471683167142995418779994056971046196672406196137587815288485583
9341024083878736797048538127238326140449334203970219961398466045378620273139526534147291598639146834778856240371225914930393162309495305464303852635126629
22781375202685189918955692451016377626654305824499645655111079342609786629987433845537943126514711127161414389736873567960606195726434149895890851471439535496956178583060623947859990211031555228836763623198039642873750473418273765137386112470648045386840813967588984113142234666602400886453221869619663410889
8303132265261555950445719947086808952985536023224626671584503188439654645641119003815442579471683167142995418779994056971046196672406196137587815288485583
12558627527310777620458893517652449846893686244837345059350091687220771244940805990138308347086031814015995423936655875234439247640099019573753408109568243
5317363956341178579034594701620200629122343395879162605233267173484765551268445644364413275960446208878520330119040206421644236921335267528362543309662862914363492088843359352351119887658525182004767124564040936342499799100324399746375311469628298107400055432317482537570649307646824414518301986282026315649
7081991750060889657808559521359155546918044043227054170942138676059852127339717999775823575421503160724351612726391010406245381117054492362037167087776943
10976371295233683019684569814961366360028063575505903537252962738412041671845339690496732375285570955167879274696882116618584120485861090065616936077747393
24184062215651208299449423378931363687479969560181263217541209874936478890222407321170918398224569679009734038035238767537091703950395650204276791879380382418061845272867137480289914104213872416012469089622260172615223631761891806730418270375855394120880854144917692411082036560178376648594077210502886874753
7081991750060889657808559521359155546918044043227054170942138676059852127339717999775823575421503160724351612726391010406245381117054492362037167087776943
12291309304077608326925479485603112281978887974946190518558035460691007632404002249125985453679643873475810953131278932758848557284801981161719615028045511
62165031970352267358719301143069824070106847495812019376726635078556616692920296905204383337396135837224644541655552145889526246062201367283726581734262696484110720877185172199219514717910485204734195729024464133351231372929897629818905153559586306949049328868292838650513184678613336774246425325296874207137
10226005485314918341293669200532104452080959018811034598009517225236406992400634093167194981011451432061836904663452954831859539443983283770491285135594549
7683536965555155017327916337714157055263343652145202244661623523022580639470360211672408277153710617891733222047751611888138173353007830680202100567455159
82805822069510305585614982941045187850577952108050118620638367468890235308587049236479135176868860838463976032228681831800704470227107735827184122101412361345178762702157651605845468204242042382829480953021030972486053724044620318313771665880493503665960201049088645731215546676411285603999654136746083935873
10226005485314918341293669200532104452080959018811034598009517225236406992400634093167194981011451432061836904663452954831859539443983283770491285135594549
9991915519112054175888482358370229597290315541121109812893736200391341358636559402960212597219358085403670499411102514991356592736052326474982380917546301
69614636703390876633646143876513822583949240771870718828967140186542592600538348417253324770924391456479360250649020988857162974884659287899219223182192785745527880401202973929596649710435160641042037296599244642136755787084588091085290414915460781437703984704066197980502740067873712885741607960642738658193
8242652477112041809895470157658242171443490373981796313417665591675178174677519312669573048323172028937490155891517615286100912600426490268453033366861269
9568564648648296191606234142714591504489996401353627948183943618418189711016050841223469459200709654449833654680352834335261178019670692946716591964057631
4170314989799725507807131253223104365436499950152046162814068771800140577106729098565052798171980950101272283705562839513239357597334583785766472822781459599632975182113745192423590956629293163206033714397620849446116115649456286794687115836225702473863247121740170257895900657997485231640652258638789073049
8242652477112041809895470157658242171443490373981796313417665591675178174677519312669573048323172028937490155891517615286100912600426490268453033366861269
12221897383251026442549877288085916970521693327333249628972175749626360417167589936766631145251129396195466205577545456610823582700174215279249021195038719
41099872037893425258877178942199740349478463957901603129771259079198377257355481022796769031721317890454203314593432992647032618113455187810521315940345114631153877529873503825052407756924050641410216971257648851275489163318225205202431292197391474369363394284426177818333802166057777167823581425441078375297
10265312514097805302086606262464385847481853395133859136354086209743768207762397978895081435252923770081121850372934179986930204335220370266619827743585227
8158781596918213180465101488091876435171265526106223100761147362376833087045741008132769696689259000652000988488089456146468326053488868066460754938953409
92213688860450261504685372322183151992358130897320988123812633359606802481769618298260432111632312507691179380839273121610144784930072942207659517504542256773881483975535676984266234791797348101716725288569105133313793311082054704887777753965409319229509529712992672718069191509460657776912391576952188709153
10265312514097805302086606262464385847481853395133859136354086209743768207762397978895081435252923770081121850372934179986930204335220370266619827743585227
9344634828555577639082750494849480224322854576417377001475506381424159455785450015766505705535945915295758967835835819827618100231646209882266685316894161
83697607880134824994992788854886261667689261587338843294886241713678990404986540031923499026462330824621961314640314856462969862001794891838438432759811308406643735685736951458325749983666585146572040004719121010313042230790346529564244454581141723113838950834274551610005256389665112339110253393320770290745
9841601686332959664730628260071185572265554094429091957512423174619403073768285557032671567713371617653038409318258255162449468169064215415303505678541423
8536774356423990784962234842532862300446005172618282136908381029940473490279215329658034728277911968149637742899500211974379758614577205959931541860070309
80747875552725571572252360459621246065203993621415188474684482593732221380017467564158712230925884276790013133239798706956998761049830575683743894147369518629036282451962928556584619570390252664038789653123160194109510572868176638878461056114931088200990260572531297902056982875525646334914528853669806163377
9841601686332959664730628260071185572265554094429091957512423174619403073768285557032671567713371617653038409318258255162449468169064215415303505678541423
12929562892483699223977424164751039109480486287935340899564008071825830792542326581343718647748626242088526319699400922580946598464647782079079831629422019
78819932316346169097854043013157411666101686646266953654464484640367471826657165416648449403334658702231522368054947450361616934780631267785344846815630974231369044801582414824650602356106997539586919134130263973341584211484673713512026628250770826631023968554400305671676844516493981005543355177214970778993
9878452795597678702616139352505626272213659060583949007685200547168249781045130726837630236505823089312642009654756052902496436332608282452135947599335549
8575380276969766129230829278996856010004133290358346341485384678043263526354786609042731328045279196697793766785198932424333499900564921265100798794758221
10014589069530263094942964783036613923639878276622752743077489979643057807406064166515096128864610105406519107725597151918758960871615725506894042823135825976585022260136632295392583294624636857681074699889829858797323014312976094565884462471421957714460300455868780383481209504828553653806139389998910022041
9878452795597678702616139352505626272213659060583949007685200547168249781045130726837630236505823089312642009654756052902496436332608282452135947599335549
12099831383627863536411448495189296813391913643849366326448669636715026819253527956315881734085733506634121426801761377374312417250434847282102456262521663
40403194927293943735148332750718325454610545583814570352090621686666891108796370353203988286903734315024181837792383034318474758426112644642156346881965740514653830926910939731252927611799062571645089064496903735550270015562707586485523812287053966215068324003609547193603412441144694854593426234331212223673
10526425494365533217445091030102365538530436169022159032498842987629832863206767827872914436894970950066790915398999648266209316775791947071431262369915051
8062703164780805013435069185294836062638695419336262577834640498226967527143385544847803192455869063208001712776596191065851435580004013504346982872213653
44928883135833396210119902229694156981562411735109910589280527353285575081977289302647503448259045741519967058949960984058965294795266263286848214868189310967434076195173927718268469265903620042719404444602212035848472383119875804304515997953464831277396984720265358913262615129934077020485475116560644889473
10526425494365533217445091030102365538530436169022159032498842987629832863206767827872914436894970950066790915398999648266209316775791947071431262369915051
9212085791306394045405784644308388937561772701946443563295895655774959032004247552931669272701321293439301311736837403836413240652640085450893141865838017
20199596842609386308677758010250401952423850214795840223425010156732824878022628107038260456599788568635635156349928736702818728276731383562932228734615019209017300255733673564080173718744320431573913577231911959114302888181228722522455940036996339620627021039768380843977105491212390136472436241697883746473
9110671627313142952895354345621880945185463694240178942244421894516194544869052881715516681261272265903457407536556774189346717298599593337311129350928109
9571466527450798860162566698415205920744048351101572325911167538355549694913655665465008677094700723946000906108047072461068863931498651408754007397905751
38469825783478565695113796137464767648047430299933413143635326855700476872326217318673011215108401631075176673101878846208574313775342578483057624499166921966913400642637649061083170469654432983349527280931788415551956104408569562308907073757519683884579368418210389907857951659455030243697626832911047583153
9110671627313142952895354345621880945185463694240178942244421894516194544869052881715516681261272265903457407536556774189346717298599593337311129350928109
10548930325545163628860914377038666945536096914351662428456540909601828582520436045696803010718032407791433911457653016092161104538174188333712725447051941
74530402930776778148769505617119292833748207196580810931366969115230740708472324967246577199319861440479106517550723415265417381943641430612519736806742964860013091501035948611328018124154329624979907437862379618570879133660084757270585021023106760064387381572240535415337512364001125047357393738026706137473
10841777072775485913867832837608622617447526985758725554641010757692594171680091714772091180942822306941030935603170901079466206593697486116214727239960391
8318421023857525151458717012269242457307515744838341812471375476644157418494570203497296209943946842758435936408251107460689078808923350741662210303958821
49186723866239973394366356174246387953014831240227167887854649503548233218382766890104975531119474710915351698438924621617734216884905965476069005290346015171040852684481394692537460668997871964284882442027886595902190261206180665600884808194996052121766339912655907618051318710503964426112561688449035561673
10841777072775485913867832837608622617447526985758725554641010757692594171680091714772091180942822306941030935603170901079466206593697486116214727239960391
10653054397146586977648418080991687009905152070401300077105921167381883603134324091665845769666120711509640298708783739686718264731933157104073993974346467
88564914411586957218197265242537543418147217539282345725032580809528791315860675246097321085829635545043415429768160115370317200021327700470070388204130723957186912821379970678106587315388904249952087698281789054654625668504038495414814383610420838020214511469322703027257347078838100496843249795297732054849
9751918419838686152365324860974938880637499940689524344630966614660974323930366156796080142510350948944635190461626505890128264660655221132250088011362513
9256077241213495660423136233283606829854137821008175370955468306960418448241873973087153239339221017177507719445387587847416981777894527862959372656154493
19410043421009382028943558123733468582702793304573355475967661361245591851917695789968653871919648611868832603112473218150277144099363860597746868109062486435085251054602919317845930688682736616396386868488011412979856382802188457310779587076062795058329448706866828761002271016978671723040469939769799408321
9751918419838686152365324860974938880637499940689524344630966614660974323930366156796080142510350948944635190461626505890128264660655221132250088011362513
11715795645224376854176748166316458304973903351329747640518778294704656160631060555708120341514059346930452974906202579768097357349489961156064063551405523
91737770888239010749764906091714788917380559196811432311752416524181178330287047116049600742999993526446981089433207733945923390426453221020510319005486272205238455693294602129672118099441571633480427547975399733650749244889345296185091042132218537183977950030154515124175425412170301391436159741254977574657
12246137728689414758314917745248889884366484761147672039314793725086339454499501735686637379547372994144428877550221931241021301515314223247362316237313669
7659575006800991902809844209848914167094538275048170024091357332069624833828295587575617317252231993424533798611948117613723207621642187727275305893356187
100611295326516401066556014361945796926879549235795944083913703009340698921216948998701446986924005279728635923474720626066904494554876543559747586184265087390063899784869593674461591455573833520130155616300315092359294069508478827106357975084105536851690276939669017732690906094589142355571306078467579148297
12246137728689414758314917745248889884366484761147672039314793725086339454499501735686637379547372994144428877550221931241021301515314223247362316237313669
10064790279004364137560442371341830383641730517890776469758292247593040670158359791415396954048089299589226198160037386064534426872103951912701778839831379
22157548751073313250876921136282815734596650363172111797539351668540200568735478142044434038726110610021281140476942944294233539152021718997560865559519541485224256992661071069254178217271324670576649726242249470722316151384461568459177858365292935128467066797800996456340370020175208424050908040710578952473
9516515809601317825137307846160640199883485236810550965953831807684089981869439645557814387592613705871854283427812698015470555373299614187528061702918151
10324885599396358785486423184754117810980523358842129989432057041787074193915025178259727877189034009566851474347564332412272343305986485170969673322299981
36449456566586453944652628975740112453555966237885639711980795502515110386419635749942336896263318635624974084039572729297660780291004036562930067623704429126884391739842066426801308596413599667305114515404444124981964483022528986737476780448868941115064877659695616635604056692525387943947431768135103956873
9516515809601317825137307846160640199883485236810550965953831807684089981869439645557814387592613705871854283427812698015470555373299614187528061702918151
11960498450776925674585011202256527466658844643438272208068090291704256507966501690525389408390482310287361875181690068485206801032563145439677703346629637
63338788428386134113363848077713566982464788496144879635975625040610079332456552425345889779526094372666679500276591961885288928962456100734682516399241459710557644413375051409811472274425861199559410788083993396736363004696159599433126102651542487208600417481401425210692679954173946762505833897603362204813
10327527381229190621544652598912368461325069129250378918713610919010128342195303076336121008287615939138005105122409257995452185406602369643297388732878639
9709839854681091960676495781342322589900967095087801501759304729765096206068475722234153776463853648092562801062426574038327690686411705682058880974806959
108947927343860071995218521406368552285184208640425093783547737620603986941963986952486908986052132506413018996748624545584976582460715836662518673893440482554639557736280896152766238199870838300717648542736161992817383081418951110838753533415125354063428158247442460667676226576208998872881331560572039133597
10327527381229190621544652598912368461325069129250378918713610919010128342195303076336121008287615939138005105122409257995452185406602369643297388732878639
12034043647140089981814617836152564934926820937550948398039732827384942655860731895744613705994360540744749273573695907266728509177017861575108837132700327
63382085128411505024440125718751070086607216270876389183864777771468642854924870505141914299147873035154325079856216462453211581017259875505292898644644746056273102930395525437075342719289170101512495090725813851669723920956248299379486653465232743420823952708961624794696003482406869504984182887281610429553
9262554588812634278723080666107400534012512022318246814331816549126770844534236397364305310997746777638100518300874155729647080345352678924265338795216087
10903441298149039009726045858226205776441266981406009873082605681660200028424584960836190371435538212923278818987049329083917383851193802764348483895847173
74685519725654981298809298503712069092328846039035412684667703696401613745602968811974772139768851241022407001244402943506480924809564435934820812603537852456484162656668166600238345723029488598427752169291751290669424072997909703268583130376302428100350576664166952084013547336069661870259068539253666451969
9262554588812634278723080666107400534012512022318246814331816549126770844534236397364305310997746777638100518300874155729647080345352678924265338795216087
11152197828909022760416996131266225364558599815441281863150989210348755479270352880900517359621289142240385542205278388533178394175150620229984830042690849
10495335848401030829256377617338354731930385141173773823657729447477561969737026984461907843253730497119143636076709949097650814506521078569513467818080170296917703395728066564212604414483009217444351614432587501581784033489458056800796011672727736730337301965591465813607881622737410816482319896560649540353
8750324816565783366708937694290227895971188667605821069241406868210159252108125907616587388548343997760023900597433399665116163958921057367512723131710161
11600730187009125218614287256611559967526656487734203032187356707254201371671113273670165358360052104466988518916257391180624980682126391626943276002220067
30576610237410152123499999837756034208824362918671377050695506448866868006893525287249560722977038786751002239992132623483366488729377437701135925785328243803917269629488333151652851262640043045689435014813302200714781501000183072259692258788071593919492803986641175784575837502479057774922633556228409782273
8750324816565783366708937694290227895971188667605821069241406868210159252108125907616587388548343997760023900597433399665116163958921057367512723131710161
12074689560895054140862931294395181074011236135416150268064495162425946690683916079622724621085720510793763809116535084339202025923125449589992493455941761
61621690278920548948417709638781098238958732112783641054912745137688836373084979285957579709145401520621187775517683351248731170661214451798918501465590321684224479593162034433595206929954246598273209380263295517335451765934149496949318450838577447173220911714425803942489795708658223729721123980939667718273
11679375343264965869991905651506220732437625633969479229448913485718152857749922945712684873457924836606051060078265214030002392522551677472263357769885581
8928437828849799442729890097938787884831496126530661026258672580823626894732061198208569561890425151552939037880665256403957140997648539205239122840305741
59140489605024995393499679922115763342463840712529194646171169366459794841418948907494075924770192269468929243361899472494444664061641296039469257487096068863035654279226070518088573072897252931153058894743771778522481668290984658925691355087769672523511453111391269352169139716347347300411933643872257475873
11679375343264965869991905651506220732437625633969479229448913485718152857749922945712684873457924836606051060078265214030002392522551677472263357769885581
11768837087117401172279097291774459713927902600495698188571108806820000340843063891819128831702367951165412880910375850955890783041304393423966960220458821
37676573796833963182140662804410802821629035047936862214133130269445562972105809899067422114834931175390072999189138230106995811082473237447742267752380065167848891741805512744888169540494925765104307244516726075989100947856518024259969542894494018761048144294336413480617831470674071494612659818054605870169
12881795149356803141016086306303110999284545972979802067952276438635419538696437030356132219449791579919532647262519696461509586267471379645057134486970469
8159115715566319203624845303995511163529529117639907431745209447101079041538679612180210879179370221476348485611436106897616075732044334948684566406254799
57838009298374059987517251759190269217260446001524998041032227140912342134937205071997566191576845675207378168915212540721185157449475750503739119402273657122260316412739955860212053208471483655039730834792358186883981329244411885960234350618120356741487428916880997091241432168384716862132133777916418918913
12881795149356803141016086306303110999284545972979802067952276438635419538696437030356132219449791579919532647262519696461509586267471379645057134486970469
9482301039214506608035122591951739135881612874692689431915628575023853328383314859503227380265470239356930545085471917814301330286794437643243215605743281
25540936567748595127479228812862500421264634166967909036866062615679145296786046809364855971606332759549041156542345599380491952641389202768553235587826303270962844787672724589939392155419539121759333666879064944637678724690669685238037699863639551964842438861993868048640531002628890906896994622547467260153
8886963848626739419412972144403542214348051874554826663350509302626487697508613619818718527568087616020079270841300686986916607711976480955954407584472011
11927799461053180540731075841518506811694362733191118761398466850044901047801533203619730147672569345472937990377711742990598492497996591573332198134623477
27963951275771266284367326469962394232146734260586718791284359510950607790831035040193159409049235583064222336864501489850024661076498773834952579293783456558687515065825810389760098993535142543785806781710503688975179345336201891473974111504449157729627212648474773678655357578456017774694405648040168689573
8886963848626739419412972144403542214348051874554826663350509302626487697508613619818718527568087616020079270841300686986916607711976480955954407584472011
13177866090849444902799965215582992931423974240416164577588118701281039549637673363418554674218871465245384669208407021297738041509382996602307699158053931
75635467171934463851228645838751135086272911599148947858287176723972956609906096307987742987293380577133585906721156186436359440589096366960641364531411723956648913560957631833689777200669057343625910850882842337575092881193969650236761773608123204080564012494158052974975401669438487819302107473586352097473
12327214603522102684137662802064687583478530794349880896972308748399737825415824786729046756541776634334315429225629275181676449192960014105911318064250901
8761756574915456196777466853721675923395070517626759775140378114083365440499897187544275373391021824248650616687664409336321631834885974422704370262258281
81717185268769530556576096366731670847986098638970868240317813623747628956177273296568676942188628883092325441785476025549551816658765337889824023308830413338582999734692058341523276456013925222200208032462065544424001156765353863619683711401279628184843897230372513111340998411653745114154551252291711299073
12327214603522102684137662802064687583478530794349880896972308748399737825415824786729046756541776634334315429225629275181676449192960014105911318064250901
12073288031320156489730428621965456060110824684245985964227719884870627005362647843497691381680714420888281293007353391242464639655239268880228923468258713
22812105789722025238886936556509047809677969314259965591448988818853255104957242790212312677124740361761541916232957881545221140923712796846753245968793874375184592825506787045106136203201160789479146268793175763470574214728733448962174091619072952360704456141181033664411889163074366100165736383528201973273
10849103951217883303378744857253150360226919107774518982126157408585442930858027828218806071480827269115430035396786932458637601556839023994503083379466091
10163947995934403359178252972209357239100463021676323565783581441615658275008677826201966963182056370806459158383629302227246136030960403556161124543084331
51838689848279869263431050120779865541112887325139079686341562428491602469402971710797938737508126171345928870778506021330554613345293752355673746656643188954591538705571455826861438967931458459701776747163540977260359930279538529370111104566163170749271299679593707294715506776949308980638398133758830185673
10849103951217883303378744857253150360226919107774518982126157408585442930858027828218806071480827269115430035396786932458637601556839023994503083379466091
13299888772933699568660182139184238534274223823601209334712225530788251315366175524892645415594790310602529027263000144729792301530726220466311333443398389
36529690130397081103663220869310323174721937620274106877207200341367824329759115386104992207343035928692173443789715519257506163436518544170451944189866387892986977474920539651451021237737628883878596957036108289819175111252190480220541162644152440417286045437781093194543269313566197456866186659536076068173
12713088538147012010007420912613959984827347542592297131919060204225548936760670352135033964565968263373225544403910326766081755344012593347153713471771791
8817413876144455763011515837265864127530024552000912381349581835846194875949947764321504522493136974937208771651506677776598223351626002768058164006346131
42656619983012254908877853220049216595727785802807555986165070446082452478476020463155942085389556282635404219551410158642347158327379219027449686278133429944023089420305310562440516850578978420435343428220155972552664004523797012143041403722811803110385812264673149787118843577940747976848076674493503349073
12713088538147012010007420912613959984827347542592297131919060204225548936760670352135033964565968263373225544403910326766081755344012593347153713471771791
9606322452423065682554021549219277958794551631850216462194101441086753661607961471673803816020744846377090508712698250980465946112194564272682526979985481
50310918040308227938540166523559205322498772765866898155419879621480601955869721288623939843913597559129306618534785341958041072660080897051108561661490530897594522795871359247562438009426613462353675355875888228621861493874837926613440840256211934978311313684088676561854224730334731301419040148433217600113
13285044778678925010800516731398318511836529992161297757259012194331545162159607907920583176080760368666696100248170525660773010191179477889724525587183919
8447612525499457548082772898523591039082419798296452209377647579890919987092419754673740706836234115404388799014242044855211047427489876279037948976137603
21698270774107953241745978745737170814052033610331509948360792412271338808401105828563732660247281927900818389363331139768146667250889841622083749068252534157712796954423117084328851038964003471983785118066297670039679510834200920582720648179254609871508498547113554123804046914324952825261188470115625000265
13285044778678925010800516731398318511836529992161297757259012194331545162159607907920583176080760368666696100248170525660773010191179477889724525587183919
10676304675849413866877210018230554703289418901615904904170795838986962935960810912278524810890270408492203045865702455508777232266868913346135825662326279
51673198152178288904639358725421769988824838870175569734857464096509964841662383494019549935285887195761280923128146432666407517267557591791323919335751872589384962983117908989863406839163243996214509296826571907788339729920665865762566709938883008722976712510532385032191366149164044582027090760280487931113
13208703161488777561609306416697119079797821042080872947123782079005708164711167169798401016533204676556327584927706488624465605532601475818603282991500387
8498275451912135358119311054587859031716452608974035246725634059537951177733828285584769528131238127885924082253997770400166376035880302984516965032472021
86297517268588862258012083583888006649807589649826519561576960539463175767145739420604656659691757832315593462735734786118784867266539340504912159112322894775264906479629241971200390699857066925313072385275578894017231702916981291109684040652471607499250542396440166444205040395692116084084900032499248326273
13208703161488777561609306416697119079797821042080872947123782079005708164711167169798401016533204676556327584927706488624465605532601475818603282991500387
8668981303755042052567863341666909242438703563331753015270074144295384978447930057767924740067460493302572350926698431696405308785834495752744432133780301
63223604207524911178028221544276914849171914519026000074407706155124479793613407068940722376647342565429839327012353812525505463974338511305430544201023720551224841372024813353786616474745283454950913966200144242319900825330974049302139987978766111381925297341475078590375427962636600788300961423732480908737
11573687939857038991004012426273369098939496581476298179603293746422399750189220531189946119850546189566566095535882351414163653033032657469643604304972973
10109252782704899469155659045024606191378258212923865909783867678391485704736399035773460846990034088751183097897042227713370602732194011154972850574162297
7126489216570590938455727232154379356948617856534072093302083051432183314010809593400432612168943700400615310667127005166290742445433370648221654031313582873055963093776368444645011738868485811869071894520008077277657288624949831311007102454903959416946929263574886987502791276248729088450685202371375387073
11573687939857038991004012426273369098939496581476298179603293746422399750189220531189946119850546189566566095535882351414163653033032657469643604304972973
12228592738491729924870850984887911179186824612534706192558470676205074332524754850756782035939712718716101452953893582470387389793994231125485330651910133
97548966940586024583277693739701739717245955210166871213288689787645558630065204869655793149052188447264569152296846324994836846433662508490750817824564814115073030661017106773956709646312304469373010861568073854818380748145688045647313237730579906189596793391301711061694858759100358968784296184495383148973
12952681306252556157620110564813250470638453687814360657506836550297909900483412610034146989934243265638008007369209294063665309975373135181745497755148971
9082511195872563813385141033010865947314084366247118385489774171643463381850166456303424875682089132340268386320632649701929083658318245733073388182824851
61500080186460081778783636934557929020290346414143129261699851643597135292147941174635199792983751845228076305435234495097842078339315193718994002944180045783697832949862231237254467256592521314711078855562712753157941988848749594774439187730264457054884474077660550623379187415283450597050411660667815344693
12952681306252556157620110564813250470638453687814360657506836550297909900483412610034146989934243265638008007369209294063665309975373135181745497755148971
13048746906367413416439102748105765711751898619272103193846795956483302365467953174085259207071859842343158267451744173975002675553281898168930105026952447
26805193332050923365992943524052804403655515936563697304541629856697218124942465816919546926331806681775004548901233494383661255247546476450937428162872141505507836008833009770855598895212043549500983325359586637462878421133633916673480310606196157096533141378567457395196564515703171599266253470759197023489
12492102846180982307466271407417768712828093489525449285930027300890648171369566364608781279525883101261362716268044737909888024974842982439835048678635969
10043379583596231462625447077360166956642738418427208071745684886697431889887393008962410628673530284063395947776036849873220617928503396325939094213402023
26586090755441541507110664802582459974382257417245518875935603581877066226531574870073450527608632560166226701761836131673260848181226172645758577203771605513897668916963443407302783453735393743732493018874361850747145592369521218320843057254161526890308056951581844102934463278972051945072782519902318562305
12492102846180982307466271407417768712828093489525449285930027300890648171369566364608781279525883101261362716268044737909888024974842982439835048678635969
11324937372500903168347848381906548289448521596235622237542701750211163040802697961922218570268961948400793688719597889808982781744964174909772267420833869
56066125470957890709668406674387541577972315406218089783156140088178400352487196024707434621914733455904678193507036040375263312040779029072556611513607853211860729572174341219215389726100316828055058484325420259825985339231739591201550210639637013144107317396897833627604541347793910509372028074412866050801
11079041094866668234293806073151144698953783535946495318968123008079971057225121151926118868763189342509158956898478558138314221782253899475079322257829843
11996446595853045849257161389362201538947919991175798319254771508499394945228648020851020499759887474343485363088720195998484443209581305051223515623235749
38641804295946301829813211618728603909695864742830534060173354992015128438511221919060515374901507299032832762739994048906117751853274841991655934096041418171611045578703799297783426680562174013381532246476795617594926824268486822842047198226470652721176155067146306822360762572459899042205940730793160093973
11079041094866668234293806073151144698953783535946495318968123008079971057225121151926118868763189342509158956898478558138314221782253899475079322257829843
12194284860904865228607528623653737831166270220791766342740126081328214981856397574317106223517518527157514912639852223896087153439470986106750100768008651
48610705786474539416503647387643964792667908148931706393571116231636395074867429587516987502422518291272105813107620275083281738952802640735693743353016046127666425578622111031216872279176259510346700824002396761028858023444796341733269764115633574963209526134896246618627548244932368408742880158326388416257
11505299115956631121667931600934458175204587878218806576437369938857316312365402861508805637282284324424552959659357819730211792017359749960130385466851899
12343905088925702881616861168207460454695868829064409383580322056300920079368797231720616336367894283535583874810205266609847524374445788834227421683660829
89569092649185231210557662538005901155419407353786692021899637632762701526983508457063586269701707758312763590039083852165280430157341514571504647732336619691074666304987327520489037054929768368980320235147440049933011503619087032002415478103410484267127609191207843731887022170389745070549582350781693102873
11505299115956631121667931600934458175204587878218806576437369938857316312365402861508805637282284324424552959659357819730211792017359749960130385466851899
12621087846782922173759144906514454926969667180292527375579914218497906610911891140939710200303185134612074777128608287886139450336032123276750032729675933
